                      var  ALL_n  ALL_exp  PRE 2008-17_n  PRE 2008-17_exp  IS 2018-22_n  IS 2018-22_exp  OOS 2023-26_n  OOS 2023-26_exp    pf     t
0                 S3 base   1865     0.86            968            -0.13           509            1.67            388             2.25  1.17  2.33
1       S3 gross (cost 0)   1865     1.36            968             0.37           509            2.17            388             2.75  1.28  3.70
2             S3 cost 1.0   1865     0.36            968            -0.63           509            1.17            388             1.75  1.07  0.97
3            S3 long only   1049     1.55            524             0.05           292            2.39            233             3.86  1.36  3.45
4           S3 short only    816    -0.03            444            -0.34           217            0.71            155            -0.18  0.99 -0.05
5            S3 SL0.2 RR3   1865     0.87            968            -0.03           509            1.69            388             2.02  1.20  2.75
6            S3 SL0.3 RR2   1865     0.84            968            -0.15           509            1.42            388             2.55  1.17  2.39
7            S3 SL0.3 RR4   1865     0.82            968            -0.14           509            1.60            388             2.19  1.16  2.21
8            S3 SL0.4 RR3   1865     0.91            968            -0.11           509            1.78            388             2.30  1.17  2.28
9          S3 SL0.3 RR1.5   1865     0.69            968            -0.31           509            1.21            388             2.48  1.14  2.08
10           S3 SL0.5 RR2   1865     1.01            968            -0.20           509            2.03            388             2.70  1.18  2.43
11              S3 no ADX   2106     0.79           1090            -0.17           582            1.56            434             2.17  1.16  2.24
12              S3 ADX>25   1565     1.07            787             0.27           442            1.95            336             1.79  1.22  2.66
13  S3 no bias (ORB both)   2794     0.29           1432            -0.04           779           -0.02            583             1.49  1.06  1.02
14        S3 bias quarter   1433     1.11            742             0.09           392            1.96            299             2.52  1.23  2.65
15            S3 bias 40%   2274     0.42           1188            -0.14           620            0.95            466             1.15  1.08  1.29
16          S3 exit 16:00   1909     0.84            995             0.07           523            1.70            391             1.66  1.16  2.17
17                S1 base   3909     0.07           2012            -0.18          1022            0.07            875             0.65  1.03  0.56
18               S1 gross   3909     0.57           2012             0.32          1022            0.57            875             1.15  1.23  4.65
19  S1 k0.2 tp0.13 sl0.25   4820    -0.02           2474            -0.29          1291           -0.11           1055             0.71  0.99 -0.22
20  S1 k0.4 tp0.13 sl0.25   3116     0.08           1617            -0.15           805           -0.02            694             0.71  1.03  0.59
21    S1 k0.3 tp0.2 sl0.2   3516     0.24           1819            -0.15           927            0.41            770             0.92  1.08  1.66
22    S1 k0.3 tp0.3 sl0.3   2700     0.43           1385            -0.08           718            0.62            597             1.38  1.12  2.00
23    S1 k0.3 tp0.1 sl0.3   4146    -0.09           2134            -0.25          1096           -0.04            916             0.23  0.97 -0.75
24    S1 k0.5 tp0.3 sl0.3   1684     0.56            873             0.11           433            0.81            378             1.32  1.16  2.15
25         S1 1 trade/day   1929     0.05            987            -0.21           530           -0.18            412             0.96  1.02  0.25
26             S1 no VWAP   4090    -0.01           2099            -0.23          1072            0.11            919             0.36  1.00 -0.07
27       S1 pts TP10 SL19   2754     0.31           1099            -0.17           838            0.37            817             0.89  1.08  1.68
28               S2 gross   2076     0.05           1083             0.10           556           -0.04            437             0.01  1.06  0.64
29            S2 RTH vwap   2235    -0.29           1160            -0.32           611           -0.37            464            -0.11  0.68 -4.38
