                                  name  ALL_ann%  ALL_SR  beta  alpha_ann%  alpha_t  maxDD%  expo%  PRE_ann%  PRE_SR  IS_ann%  IS_SR  OOS_ann%  OOS_SR
0                          Buy&hold ES      8.49    0.62  1.00       -0.00    -4.74   -32.5   93.5      6.42    0.53     7.87   0.47     14.67    1.12
1               Overnight 16:00->09:30      0.69    0.08  0.38       -2.56    -1.71   -33.2   92.8     -2.60   -0.37     3.25   0.31      5.77    0.69
2                      Overnight GROSS      4.67    0.56  0.38        1.42     0.95   -21.4   93.1      2.76    0.39     6.09   0.58      7.72    0.92
3                            RTH GROSS      3.82    0.36  0.62       -1.42    -0.95   -20.2   93.1      3.67    0.38     1.78   0.15      6.96    0.63
4                   Hour bias WF GROSS      0.65    0.08  0.15       -0.82    -0.42   -23.4   95.3      1.00    0.16    -0.74  -0.07      1.86    0.22
5                      Noise L/S GROSS      3.78    0.88 -0.03        4.02     4.08    -8.4   35.9      3.92    0.98     5.16   1.05      1.59    0.39
6                     RTH 09:30->16:00     -0.16   -0.01  0.62       -5.40    -3.61   -33.7   93.2     -1.69   -0.18    -1.06  -0.09      5.01    0.45
7         Hour bias WF (5y, top6/bot2)    -23.36   -2.90  0.15      -24.83   -12.78   -97.8   96.1    -29.85   -4.92   -22.40  -2.26    -12.50   -1.47
8         Hour bias WF (3y, top4/bot1)    -15.73   -2.38  0.11      -16.76   -10.40   -92.5   95.5    -20.41   -4.19   -16.96  -2.13     -5.32   -0.72
9         Hour bias WF (5y, top4/bot0)     -9.69   -1.86  0.17      -11.30    -9.62   -79.7   94.9    -12.60   -2.94    -8.37  -1.38     -6.00   -1.09
10        Hour bias WF (8y, top6/bot2)    -20.35   -2.50  0.15      -21.80   -11.07   -96.5   96.2    -24.30   -4.07   -18.75  -1.85    -15.12   -1.75
11        Hour bias WF (5y, top8/bot0)    -17.01   -2.22  0.35      -20.30   -13.13   -93.9   95.7    -23.71   -3.83   -14.98  -1.63     -7.17   -0.91
12               Intraday momentum Gao     -3.25   -0.83  0.00       -3.26    -3.59   -56.6   90.7     -3.27   -0.89    -5.18  -1.06     -0.61   -0.20
13   Noise-area momentum L/S (2688 tr)      1.37    0.32 -0.03        1.60     1.62   -14.5   36.1      0.64    0.16     3.49   0.71      0.43    0.10
14  Noise-area momentum long (1367 tr)      0.29    0.11  0.05       -0.10    -0.17   -13.4   19.6      0.11    0.04     0.47   0.18      0.53    0.18
15                       Turn of month      1.57    0.28  0.17        0.15     0.12    -9.9   17.0      0.95    0.20     1.92   0.28      2.70    0.48
16                         Pre-holiday      0.17    0.16  0.01        0.12     0.48    -3.8    0.9      0.24    0.24     0.33   0.22     -0.22   -0.44
17                Pre-FOMC 24h (2016+)      1.07    0.69  0.01        0.96     2.01    -2.4    3.1     -0.04   -0.11     1.78   0.97      0.55    0.39
18                           OPEX week      0.54    0.08  0.23       -1.41    -1.06   -26.1   22.2      1.88    0.31    -3.87  -0.48      2.97    0.51
19               IBS<0.2 & bull, 1 day      0.73    0.17  0.10       -0.08    -0.08   -17.5   11.9      1.23    0.39    -2.53  -0.46      3.80    0.83
20            Vol-managed B&H (cap 2x)     10.51    0.73  0.90        2.83     1.69   -22.6   93.5      9.79    0.71     9.29   0.62     13.99    0.93
21            Trend filter MA200 (0/1)      6.04    0.70  0.40        2.68     1.73   -16.6   73.1      5.62    0.77     3.68   0.38     10.27    1.01
22      Drawdown add-on in bull (1-2x)      9.56    0.63  1.08        0.40     0.51   -32.5   93.5      7.98    0.58     7.90   0.45     15.88    1.05
{'18:00': 0.09, '19:00': 0.25, '20:00': 0.06, '21:00': 0.07, '22:00': -0.19, '23:00': 0.21, '00:00': 0.36, '01:00': 0.29, '02:00': 0.74, '03:00': 0.09, '04:00': 0.1, '05:00': 0.25, '06:00': 0.5, '07:00': -0.32, '08:00': -0.12, '09:00': 0.24, '10:00': -0.09, '11:00': 0.4, '12:00': 0.23, '13:00': 0.02, '14:00': 0.57, '15:00': 0.01, '16:00': -0.14}
