       vm  lb  start side  cost  trades   ALL   PRE    IS   OOS  ann%   DD%
2    1.00  14  10:00  L/S   0.5    2688  0.32  0.16  0.71  0.10  1.37 -14.5
10   1.00  14  10:30  L/S   0.5    2409  0.31  0.18  0.62  0.16  1.27 -12.5
34   1.25  14  10:00  L/S   0.5    2100  0.29  0.36  0.38  0.00  1.10 -11.3
42   1.25  14  10:30  L/S   0.5    1900  0.23  0.28  0.26  0.07  0.80 -12.7
66   1.50  14  10:00  L/S   0.5    1643  0.23  0.18  0.39  0.07  0.76 -10.5
74   1.50  14  10:30  L/S   0.5    1488  0.20  0.13  0.34  0.14  0.65 -11.1
6    1.00  14  10:00    L   0.5    1367  0.11  0.04  0.18  0.18  0.29 -13.4
14   1.00  14  10:30    L   0.5    1220  0.10  0.06  0.06  0.24  0.25 -11.3
38   1.25  14  10:00    L   0.5    1036  0.09  0.16  0.02  0.07  0.21  -8.4
122  2.00  30  10:30  L/S   0.5     411  0.08 -0.36  0.37  0.44  0.15  -7.2
30   1.00  30  10:30    L   0.5     606  0.08 -0.24  0.22  0.36  0.19  -8.1
26   1.00  30  10:30  L/S   0.5    1192  0.07 -0.16  0.39  0.13  0.23 -15.1
114  2.00  30  10:00  L/S   0.5     464  0.07 -0.39  0.34  0.47  0.13  -6.9
22   1.00  30  10:00    L   0.5     688  0.04 -0.35  0.22  0.37  0.09  -9.6
18   1.00  30  10:00  L/S   0.5    1339  0.03 -0.26  0.35  0.16  0.09 -17.0
46   1.25  14  10:30    L   0.5     937  0.01  0.07 -0.19  0.18  0.03 -10.5
90   1.50  30  10:30  L/S   0.5     690  0.01 -0.43  0.59  0.07  0.02 -11.5
82   1.50  30  10:00  L/S   0.5     782  0.00 -0.44  0.52  0.10  0.00 -11.2
126  2.00  30  10:30    L   0.5     189 -0.01 -0.31 -0.47  0.47 -0.01  -4.2
118  2.00  30  10:00    L   0.5     216 -0.02 -0.29 -0.43  0.47 -0.02  -4.4
94   1.50  30  10:30    L   0.5     331 -0.05 -0.65  0.45  0.29 -0.07  -8.0
86   1.50  30  10:00    L   0.5     378 -0.06 -0.62  0.42  0.23 -0.09  -8.1
106  2.00  14  10:30  L/S   0.5     909 -0.08 -0.09 -0.13 -0.02 -0.19 -14.8
70   1.50  14  10:00    L   0.5     791 -0.08 -0.19 -0.12  0.16 -0.15 -11.2
98   2.00  14  10:00  L/S   0.5    1008 -0.09 -0.01 -0.17 -0.11 -0.21 -14.0
50   1.25  30  10:00  L/S   0.5    1038 -0.09 -0.35  0.37 -0.14 -0.24 -14.2
58   1.25  30  10:30  L/S   0.5     936 -0.10 -0.37  0.41 -0.19 -0.26 -15.7
78   1.50  14  10:30    L   0.5     718 -0.10 -0.28 -0.21  0.28 -0.18 -11.7
54   1.25  30  10:00    L   0.5     516 -0.12 -0.45  0.27  0.03 -0.20  -8.0
62   1.25  30  10:30    L   0.5     465 -0.15 -0.48  0.19  0.05 -0.24  -8.4
102  2.00  14  10:00    L   0.5     450 -0.27 -0.10 -0.74 -0.15 -0.37 -10.3
110  2.00  14  10:30    L   0.5     402 -0.29 -0.22 -0.83 -0.06 -0.38 -10.4
cost       0.00  0.25  0.50  1.00
vm   side                        
1.00 L     0.42  0.25  0.08 -0.26
     L/S   0.62  0.40  0.18 -0.26
1.25 L     0.30  0.13 -0.04 -0.38
     L/S   0.50  0.29  0.08 -0.33
1.50 L     0.23  0.08 -0.07 -0.37
     L/S   0.47  0.29  0.11 -0.25
2.00 L     0.06 -0.05 -0.15 -0.35
     L/S   0.28  0.14 -0.00 -0.28
