configs 144  SR>BH all 3 periods: 0.09  excess>0 all periods: 0.42
            mean    min    50%    max
dd         -0.04  -0.08  -0.04  -0.02
ll          3.00   2.00   3.00   4.00
layer       0.65   0.50   0.65   0.80
hold       40.00  20.00  40.00  60.00
maxl        3.00   2.00   3.00   4.00
avg_w       1.50   1.04   1.42   2.85
alpha_t     0.79  -0.84   0.76   3.00
PRE_SR      0.58   0.35   0.58   0.71
PRE_SR_BH   0.53   0.53   0.53   0.53
PRE_exc%    1.51  -2.36   1.36   5.51
IS_SR       0.54   0.24   0.54   0.89
IS_SR_BH    0.47   0.47   0.47   0.47
IS_exc%     4.12  -2.93   3.79  14.98
OOS_SR      0.95   0.37   0.99   1.21
OOS_SR_BH   1.12   1.12   1.12   1.12
OOS_exc%    0.23  -9.81   0.02   9.10
      dd  ll  layer  hold  maxl  avg_w  alpha_t  PRE_SR  PRE_SR_BH  PRE_exc%  IS_SR  IS_SR_BH  IS_exc%  OOS_SR  OOS_SR_BH  OOS_exc%
52 -0.03   3    0.5    60     2   1.45     3.00    0.67       0.53      2.10   0.77      0.47     7.70    1.16       1.12      2.56
58 -0.03   3    0.8    60     2   1.72     3.00    0.70       0.53      3.36   0.85      0.47    12.32    1.16       1.12      4.09
54 -0.03   3    0.8    20     2   1.43     2.63    0.63       0.53      2.18   0.83      0.47    11.59    1.21       1.12      3.92
48 -0.03   3    0.5    20     2   1.27     2.63    0.61       0.53      1.36   0.75      0.47     7.25    1.20       1.12      2.45
59 -0.03   3    0.8    60     4   2.28     2.49    0.71       0.53      5.51   0.86      0.47    14.88    1.05       1.12     -0.67
53 -0.03   3    0.5    60     4   1.80     2.49    0.69       0.53      3.44   0.80      0.47     9.30    1.07       1.12     -0.42
36 -0.03   2    0.5    20     2   1.33     2.26    0.61       0.53      1.28   0.73      0.47     6.81    1.11       1.12      0.90
42 -0.03   2    0.8    20     2   1.52     2.26    0.62       0.53      2.05   0.81      0.47    10.89    1.09       1.12      1.44
49 -0.03   3    0.5    20     4   1.45     2.25    0.65       0.53      2.91   0.78      0.47     8.27    1.06       1.12      0.97
55 -0.03   3    0.8    20     4   1.72     2.25    0.66       0.53      4.65   0.86      0.47    13.23    1.01       1.12      1.55
